[0]{,}
[1]{,11,10,7,}
[2]{,6,9,11,}
[3]{,6,9,10,6,10,7,}
[4]{,10,8,4,}
[5]{,8,4,7,8,7,11,}
[6]{,10,8,4,6,9,11,}
[7]{,8,4,7,8,7,9,7,6,9,}
[8]{,2,8,9,}
[9]{,2,8,9,11,10,7,}
[10]{,2,8,11,2,11,6,}
[11]{,2,8,10,2,10,6,10,7,6,}
[12]{,2,4,10,2,10,9,}
[13]{,2,4,7,2,7,9,7,11,9,}
[14]{,2,4,10,2,10,6,10,11,6,}
[15]{,2,4,7,2,7,6,}
[16]{,3,5,7,}
[17]{,3,5,11,3,11,10,}
[18]{,3,5,7,6,9,11,}
[19]{,3,5,6,3,6,10,6,9,10,}
[20]{,3,5,7,10,8,4,}
[21]{,3,5,11,3,11,4,11,8,4,}
[22]{,3,5,7,10,8,4,6,9,11,}
[23]{,3,5,6,3,6,4,6,9,4,9,8,4,}
[24]{,3,5,7,2,8,9,}
[25]{,3,5,11,3,11,10,2,8,9,}
[26]{,3,5,7,2,8,11,2,11,6,}
[27]{,3,5,6,3,6,10,6,2,10,2,8,10,}
[28]{,3,5,7,2,4,10,2,10,9,}
[29]{,3,5,11,3,11,4,11,9,4,9,2,4,}
[30]{,3,5,7,2,4,10,2,10,6,10,11,6,}
[31]{,3,5,6,3,6,4,6,2,4,}
[32]{,1,6,5,}
[33]{,1,6,5,11,10,7,}
[34]{,1,9,11,1,11,5,}
[35]{,1,9,10,1,10,5,10,7,5,}
[36]{,1,6,5,10,8,4,}
[37]{,1,6,5,8,4,7,8,7,11,}
[38]{,1,9,11,1,11,5,10,8,4,}
[39]{,1,9,8,1,8,5,8,4,5,4,7,5,}
[40]{,1,6,5,2,8,9,}
[41]{,1,6,5,2,8,9,11,10,7,}
[42]{,1,2,8,1,8,5,8,11,5,}
[43]{,1,2,8,1,8,5,8,10,5,10,7,5,}
[44]{,1,6,5,2,4,10,2,10,9,}
[45]{,1,6,5,2,4,7,2,7,9,7,11,9,}
[46]{,1,2,4,1,4,5,4,10,5,10,11,5,}
[47]{,1,2,4,1,4,5,4,7,5,}
[48]{,1,6,7,1,7,3,}
[49]{,1,6,11,1,11,3,11,10,3,}
[50]{,1,9,11,1,11,3,11,7,3,}
[51]{,1,9,10,1,10,3,}
[52]{,1,6,7,1,7,3,10,8,4,}
[53]{,1,6,11,1,11,3,11,8,3,8,4,3,}
[54]{,1,9,11,1,11,3,11,7,3,10,8,4,}
[55]{,1,9,8,1,8,3,8,4,3,}
[56]{,1,6,7,1,7,3,2,8,9,}
[57]{,1,6,11,1,11,3,11,10,3,2,8,9,}
[58]{,1,2,8,1,8,3,8,11,3,11,7,3,}
[59]{,1,2,8,1,8,3,8,10,3,}
[60]{,1,6,7,1,7,3,2,4,10,2,10,9,}
[61]{,1,6,11,1,11,3,11,9,3,9,4,3,9,2,4,}
[62]{,1,2,4,1,4,3,4,10,3,10,7,3,10,11,7,}
[63]{,1,2,4,1,4,3,}
[64]{,3,4,0,}
[65]{,3,4,0,11,10,7,}
[66]{,3,4,0,6,9,11,}
[67]{,3,4,0,6,9,10,6,10,7,}
[68]{,3,10,8,3,8,0,}
[69]{,3,7,11,3,11,0,11,8,0,}
[70]{,3,10,8,3,8,0,6,9,11,}
[71]{,3,7,6,3,6,0,6,9,0,9,8,0,}
[72]{,3,4,0,2,8,9,}
[73]{,3,4,0,2,8,9,11,10,7,}
[74]{,3,4,0,2,8,11,2,11,6,}
[75]{,3,4,0,2,8,10,2,10,6,10,7,6,}
[76]{,3,10,9,3,9,0,9,2,0,}
[77]{,3,7,11,3,11,0,11,9,0,9,2,0,}
[78]{,3,10,11,3,11,0,11,6,0,6,2,0,}
[79]{,3,7,6,3,6,0,6,2,0,}
[80]{,4,0,5,4,5,7,}
[81]{,4,0,5,4,5,10,5,11,10,}
[82]{,4,0,5,4,5,7,6,9,11,}
[83]{,4,0,5,4,5,10,5,6,10,6,9,10,}
[84]{,0,5,7,0,7,8,7,10,8,}
[85]{,0,5,11,0,11,8,}
[86]{,0,5,7,0,7,8,7,10,8,6,9,11,}
[87]{,0,5,6,0,6,8,6,9,8,}
[88]{,4,0,5,4,5,7,2,8,9,}
[89]{,4,0,5,4,5,10,5,11,10,2,8,9,}
[90]{,4,0,5,4,5,7,2,8,11,2,11,6,}
[91]{,4,0,5,4,5,10,5,6,10,6,8,10,6,2,8,}
[92]{,0,5,7,0,7,2,7,10,2,10,9,2,}
[93]{,0,5,11,0,11,2,11,9,2,}
[94]{,0,5,7,0,7,2,7,10,2,10,6,2,10,11,6,}
[95]{,0,5,6,0,6,2,}
[96]{,3,4,0,1,6,5,}
[97]{,3,4,0,1,6,5,11,10,7,}
[98]{,3,4,0,1,9,11,1,11,5,}
[99]{,3,4,0,1,9,10,1,10,5,10,7,5,}
[100]{,3,10,8,3,8,0,1,6,5,}
[101]{,3,7,11,3,11,0,11,8,0,1,6,5,}
[102]{,3,10,8,3,8,0,1,9,11,1,11,5,}
[103]{,3,7,5,3,5,0,5,1,0,1,8,0,1,9,8,}
[104]{,3,4,0,1,6,5,2,8,9,}
[105]{,3,4,0,1,6,5,2,8,9,11,10,7,}
[106]{,3,4,0,1,2,8,1,8,5,8,11,5,}
[107]{,3,4,0,1,2,8,1,8,5,8,10,5,10,7,5,}
[108]{,3,10,9,3,9,0,9,2,0,1,6,5,}
[109]{,3,7,11,3,11,0,11,9,0,9,2,0,1,6,5,}
[110]{,3,10,11,3,11,0,11,5,0,5,2,0,5,1,2,}
[111]{,3,7,5,3,5,0,5,1,0,1,2,0,}
[112]{,4,0,1,4,1,7,1,6,7,}
[113]{,4,0,1,4,1,10,1,6,10,6,11,10,}
[114]{,4,0,1,4,1,7,1,9,7,9,11,7,}
[115]{,4,0,1,4,1,10,1,9,10,}
[116]{,0,1,6,0,6,8,6,7,8,7,10,8,}
[117]{,0,1,6,0,6,8,6,11,8,}
[118]{,0,1,9,0,9,8,9,11,8,11,10,8,11,7,10,}
[119]{,0,1,9,0,9,8,}
[120]{,4,0,1,4,1,7,1,6,7,2,8,9,}
[121]{,4,0,1,4,1,10,1,6,10,6,11,10,2,8,9,}
[122]{,4,0,1,4,1,7,1,2,7,2,11,7,2,8,11,}
[123]{,4,0,1,4,1,10,1,2,10,2,8,10,}
[124]{,0,1,6,0,6,2,6,7,2,7,9,2,7,10,9,}
[125]{,0,1,6,0,6,2,6,11,2,11,9,2,}
[126]{,0,1,2,7,10,11,}
[127]{,0,1,2,}
[128]{,0,2,1,}
[129]{,0,2,1,11,10,7,}
[130]{,0,2,1,6,9,11,}
[131]{,0,2,1,6,9,10,6,10,7,}
[132]{,0,2,1,10,8,4,}
[133]{,0,2,1,8,4,7,8,7,11,}
[134]{,0,2,1,10,8,4,6,9,11,}
[135]{,0,2,1,8,4,7,8,7,9,7,6,9,}
[136]{,0,8,9,0,9,1,}
[137]{,0,8,9,0,9,1,11,10,7,}
[138]{,0,8,11,0,11,1,11,6,1,}
[139]{,0,8,10,0,10,1,10,7,1,7,6,1,}
[140]{,0,4,10,0,10,1,10,9,1,}
[141]{,0,4,7,0,7,1,7,11,1,11,9,1,}
[142]{,0,4,10,0,10,1,10,11,1,11,6,1,}
[143]{,0,4,7,0,7,1,7,6,1,}
[144]{,0,2,1,3,5,7,}
[145]{,0,2,1,3,5,11,3,11,10,}
[146]{,0,2,1,3,5,7,6,9,11,}
[147]{,0,2,1,3,5,6,3,6,10,6,9,10,}
[148]{,0,2,1,3,5,7,10,8,4,}
[149]{,0,2,1,3,5,11,3,11,4,11,8,4,}
[150]{,0,2,1,3,5,7,10,8,4,6,9,11,}
[151]{,0,2,1,3,5,6,3,6,4,6,9,4,9,8,4,}
[152]{,0,8,9,0,9,1,3,5,7,}
[153]{,0,8,9,0,9,1,3,5,11,3,11,10,}
[154]{,0,8,11,0,11,1,11,6,1,3,5,7,}
[155]{,0,8,10,0,10,1,10,3,1,3,6,1,3,5,6,}
[156]{,0,4,10,0,10,1,10,9,1,3,5,7,}
[157]{,0,4,3,0,3,1,3,5,1,5,9,1,5,11,9,}
[158]{,0,4,10,0,10,1,10,11,1,11,6,1,3,5,7,}
[159]{,0,4,3,0,3,1,3,5,1,5,6,1,}
[160]{,0,2,6,0,6,5,}
[161]{,0,2,6,0,6,5,11,10,7,}
[162]{,0,2,9,0,9,5,9,11,5,}
[163]{,0,2,9,0,9,5,9,10,5,10,7,5,}
[164]{,0,2,6,0,6,5,10,8,4,}
[165]{,0,2,6,0,6,5,8,4,7,8,7,11,}
[166]{,0,2,9,0,9,5,9,11,5,10,8,4,}
[167]{,0,2,9,0,9,5,9,8,5,8,7,5,8,4,7,}
[168]{,0,8,9,0,9,5,9,6,5,}
[169]{,0,8,9,0,9,5,9,6,5,11,10,7,}
[170]{,0,8,11,0,11,5,}
[171]{,0,8,10,0,10,5,10,7,5,}
[172]{,0,4,10,0,10,5,10,9,5,9,6,5,}
[173]{,0,4,7,0,7,5,7,11,5,11,6,5,11,9,6,}
[174]{,0,4,10,0,10,5,10,11,5,}
[175]{,0,4,7,0,7,5,}
[176]{,0,2,6,0,6,3,6,7,3,}
[177]{,0,2,6,0,6,3,6,11,3,11,10,3,}
[178]{,0,2,9,0,9,3,9,11,3,11,7,3,}
[179]{,0,2,9,0,9,3,9,10,3,}
[180]{,0,2,6,0,6,3,6,7,3,10,8,4,}
[181]{,0,2,6,0,6,3,6,11,3,11,4,3,11,8,4,}
[182]{,0,2,9,0,9,3,9,11,3,11,7,3,10,8,4,}
[183]{,0,2,9,0,9,3,9,8,3,8,4,3,}
[184]{,0,8,9,0,9,3,9,6,3,6,7,3,}
[185]{,0,8,9,0,9,3,9,6,3,6,10,3,6,11,10,}
[186]{,0,8,11,0,11,3,11,7,3,}
[187]{,0,8,10,0,10,3,}
[188]{,0,4,10,0,10,3,10,9,3,9,7,3,9,6,7,}
[189]{,0,4,3,6,11,9,}
[190]{,0,4,10,0,10,3,10,11,3,11,7,3,}
[191]{,0,4,3,}
[192]{,2,1,3,2,3,4,}
[193]{,2,1,3,2,3,4,11,10,7,}
[194]{,2,1,3,2,3,4,6,9,11,}
[195]{,2,1,3,2,3,4,6,9,10,6,10,7,}
[196]{,2,1,3,2,3,8,3,10,8,}
[197]{,2,1,3,2,3,8,3,7,8,7,11,8,}
[198]{,2,1,3,2,3,8,3,10,8,6,9,11,}
[199]{,2,1,3,2,3,8,3,7,8,7,9,8,7,6,9,}
[200]{,1,3,4,1,4,9,4,8,9,}
[201]{,1,3,4,1,4,9,4,8,9,11,10,7,}
[202]{,1,3,4,1,4,6,4,8,6,8,11,6,}
[203]{,1,3,4,1,4,6,4,8,6,8,7,6,8,10,7,}
[204]{,1,3,10,1,10,9,}
[205]{,1,3,7,1,7,9,7,11,9,}
[206]{,1,3,10,1,10,6,10,11,6,}
[207]{,1,3,7,1,7,6,}
[208]{,2,1,5,2,5,4,5,7,4,}
[209]{,2,1,5,2,5,4,5,11,4,11,10,4,}
[210]{,2,1,5,2,5,4,5,7,4,6,9,11,}
[211]{,2,1,5,2,5,4,5,6,4,6,10,4,6,9,10,}
[212]{,2,1,5,2,5,8,5,7,8,7,10,8,}
[213]{,2,1,5,2,5,8,5,11,8,}
[214]{,2,1,5,2,5,8,5,7,8,7,10,8,6,9,11,}
[215]{,2,1,5,2,5,8,5,6,8,6,9,8,}
[216]{,1,5,7,1,7,9,7,4,9,4,8,9,}
[217]{,1,5,11,1,11,9,11,10,9,10,8,9,10,4,8,}
[218]{,1,5,7,1,7,6,7,4,6,4,11,6,4,8,11,}
[219]{,1,5,6,4,8,10,}
[220]{,1,5,7,1,7,9,7,10,9,}
[221]{,1,5,11,1,11,9,}
[222]{,1,5,7,1,7,6,7,10,6,10,11,6,}
[223]{,1,5,6,}
[224]{,2,6,5,2,5,4,5,3,4,}
[225]{,2,6,5,2,5,4,5,3,4,11,10,7,}
[226]{,2,9,11,2,11,4,11,5,4,5,3,4,}
[227]{,2,9,10,2,10,4,10,7,4,7,3,4,7,5,3,}
[228]{,2,6,5,2,5,8,5,3,8,3,10,8,}
[229]{,2,6,5,2,5,8,5,3,8,3,11,8,3,7,11,}
[230]{,2,9,11,2,11,8,11,5,8,5,10,8,5,3,10,}
[231]{,2,9,8,3,7,5,}
[232]{,3,4,8,3,8,5,8,9,5,9,6,5,}
[233]{,3,4,8,3,8,5,8,9,5,9,6,5,11,10,7,}
[234]{,3,4,8,3,8,5,8,11,5,}
[235]{,3,4,8,3,8,5,8,10,5,10,7,5,}
[236]{,3,10,9,3,9,5,9,6,5,}
[237]{,3,7,11,3,11,5,11,9,5,9,6,5,}
[238]{,3,10,11,3,11,5,}
[239]{,3,7,5,}
[240]{,2,6,7,2,7,4,}
[241]{,2,6,11,2,11,4,11,10,4,}
[242]{,2,9,11,2,11,4,11,7,4,}
[243]{,2,9,10,2,10,4,}
[244]{,2,6,7,2,7,8,7,10,8,}
[245]{,2,6,11,2,11,8,}
[246]{,2,9,11,2,11,8,11,7,8,7,10,8,}
[247]{,2,9,8,}
[248]{,4,8,9,4,9,7,9,6,7,}
[249]{,4,8,9,4,9,10,9,6,10,6,11,10,}
[250]{,4,8,11,4,11,7,}
[251]{,4,8,10,}
[252]{,6,7,10,6,10,9,}
[253]{,6,11,9,}
[254]{,7,10,11,}
[255]{,}

