[0]{,}
[1]{,5,6,3,}
[2]{,2,7,4,}
[3]{,4,2,3,3,5,4,}
[4]{,4,7,1,}
[5]{,3,1,4,4,6,3,}
[6]{,1,7,4,2,7,4,}
[7]{,1,4,2,2,3,1,}
[8]{,0,6,5,}
[9]{,0,6,5,3,6,5,}
[10]{,5,0,2,2,7,5,}
[11]{,0,5,3,3,2,0,}
[12]{,1,0,6,6,7,1,}
[13]{,0,1,3,3,6,0,}
[14]{,1,0,2,2,7,1,}
[15]{,1,0,2,2,3,1,}
[16]{,1,7,2,}
[17]{,2,1,5,5,6,2,}
[18]{,1,7,2,2,7,4,}
[19]{,4,2,1,1,5,4,}
[20]{,1,7,2,1,7,4,}
[21]{,2,1,4,4,6,2,}
[22]{,1,7,2,1,7,4,2,7,4,}
[23]{,1,4,2,}
[24]{,1,7,2,0,6,5,}
[25]{,2,1,5,5,6,2,0,6,5,}
[26]{,1,7,2,5,0,2,2,7,5,}
[27]{,1,2,0,0,5,1,}
[28]{,1,7,2,1,0,6,6,7,1,}
[29]{,2,1,0,0,6,2,}
[30]{,1,7,2,1,0,2,2,7,1,}
[31]{,1,0,2,}
[32]{,3,6,0,}
[33]{,0,6,3,3,6,5,}
[34]{,4,0,3,3,7,4,}
[35]{,0,3,5,5,4,0,}
[36]{,0,6,3,1,7,4,}
[37]{,0,6,3,4,1,3,3,6,4,}
[38]{,3,0,4,4,7,3,1,7,4,}
[39]{,0,3,1,1,4,0,}
[40]{,0,6,3,0,6,5,}
[41]{,0,6,3,0,6,5,3,6,5,}
[42]{,3,0,5,5,7,3,}
[43]{,3,5,0,}
[44]{,0,6,3,1,0,6,6,7,1,}
[45]{,0,6,3,0,1,3,3,6,0,}
[46]{,3,0,1,1,7,3,}
[47]{,0,1,3,}
[48]{,6,0,1,1,7,6,}
[49]{,0,1,5,5,6,0,}
[50]{,1,0,4,4,7,1,}
[51]{,4,0,1,1,5,4,}
[52]{,1,0,6,6,7,1,1,7,4,}
[53]{,0,1,4,4,6,0,}
[54]{,1,0,4,4,7,1,1,7,4,}
[55]{,1,4,0,}
[56]{,1,0,6,6,7,1,0,6,5,}
[57]{,0,1,5,5,6,0,0,6,5,}
[58]{,1,0,5,5,7,1,}
[59]{,1,5,0,}
[60]{,1,0,6,6,7,1,1,0,6,6,7,1,}
[61]{,0,6,1,}
[62]{,0,7,1,}
[63]{,}
[64]{,0,5,3,}
[65]{,0,5,3,3,6,5,}
[66]{,0,5,3,2,7,4,}
[67]{,0,5,3,4,2,3,3,5,4,}
[68]{,3,0,4,4,7,3,}
[69]{,0,3,6,6,4,0,}
[70]{,3,0,4,4,7,3,2,7,4,}
[71]{,0,3,2,2,4,0,}
[72]{,0,5,3,0,6,5,}
[73]{,0,5,3,0,6,5,3,6,5,}
[74]{,0,5,3,5,0,2,2,7,5,}
[75]{,0,5,3,0,5,3,3,2,0,}
[76]{,3,0,6,6,7,3,}
[77]{,0,6,3,}
[78]{,3,0,2,2,7,3,}
[79]{,0,2,3,}
[80]{,2,0,5,5,7,2,}
[81]{,0,2,6,6,5,0,}
[82]{,2,0,5,5,7,2,2,7,4,}
[83]{,0,2,4,4,5,0,}
[84]{,2,0,4,4,7,2,}
[85]{,2,0,4,4,6,2,}
[86]{,2,0,4,4,7,2,2,7,4,}
[87]{,0,4,2,}
[88]{,2,0,5,5,7,2,0,6,5,}
[89]{,0,2,6,6,5,0,0,6,5,}
[90]{,2,0,5,5,7,2,5,0,2,2,7,5,}
[91]{,0,5,2,}
[92]{,2,0,6,6,7,2,}
[93]{,0,6,2,}
[94]{,0,7,2,}
[95]{,}
[96]{,0,5,3,0,6,3,}
[97]{,0,5,3,0,6,3,3,6,5,}
[98]{,0,5,3,3,0,4,4,7,3,}
[99]{,0,5,3,0,3,5,5,4,0,}
[100]{,3,0,4,4,7,3,0,6,3,}
[101]{,0,3,6,6,4,0,0,6,3,}
[102]{,3,0,4,4,7,3,3,0,4,4,7,3,}
[103]{,0,4,3,}
[104]{,0,5,3,0,6,3,0,6,5,}
[105]{,0,5,3,0,6,3,0,6,5,3,6,5,}
[106]{,0,5,3,3,0,5,5,7,3,}
[107]{,0,5,3,0,5,3,}
[108]{,3,0,6,6,7,3,0,6,3,}
[109]{,0,6,3,0,6,3,}
[110]{,0,7,3,}
[111]{,}
[112]{,6,0,5,5,7,6,}
[113]{,0,5,6,}
[114]{,4,0,5,5,7,4,}
[115]{,0,5,4,}
[116]{,6,0,4,4,7,6,}
[117]{,0,4,6,}
[118]{,0,7,4,}
[119]{,}
[120]{,6,0,5,5,7,6,0,6,5,}
[121]{,0,5,6,0,6,5,}
[122]{,0,7,5,}
[123]{,}
[124]{,0,7,6,}
[125]{,}
[126]{,}
[127]{,}
[128]{,2,4,1,}
[129]{,1,4,2,3,6,5,}
[130]{,1,4,2,2,7,4,}
[131]{,1,4,2,4,2,3,3,5,4,}
[132]{,1,4,2,1,7,4,}
[133]{,1,4,2,4,1,3,3,6,4,}
[134]{,1,4,2,1,7,4,2,7,4,}
[135]{,1,4,2,1,4,2,2,3,1,}
[136]{,5,1,2,2,6,5,}
[137]{,2,1,5,5,6,2,3,6,5,}
[138]{,1,2,7,7,5,1,}
[139]{,1,2,3,3,5,1,}
[140]{,2,1,7,7,6,2,}
[141]{,2,1,3,3,6,2,}
[142]{,2,7,1,}
[143]{,1,3,2,}
[144]{,1,4,2,1,7,2,}
[145]{,1,4,2,2,1,5,5,6,2,}
[146]{,1,4,2,1,7,2,2,7,4,}
[147]{,1,4,2,1,2,4,4,5,1,}
[148]{,1,4,2,1,7,2,1,7,4,}
[149]{,1,4,2,2,1,4,4,6,2,}
[150]{,1,4,2,1,7,2,1,7,4,2,7,4,}
[151]{,1,4,2,1,4,2,}
[152]{,2,1,5,5,6,2,1,7,2,}
[153]{,2,1,5,5,6,2,2,1,5,5,6,2,}
[154]{,1,2,7,7,5,1,1,7,2,}
[155]{,1,5,2,}
[156]{,2,1,7,7,6,2,1,7,2,}
[157]{,1,6,2,}
[158]{,1,7,2,1,7,2,}
[159]{,}
[160]{,4,1,3,3,6,4,}
[161]{,3,1,4,4,6,3,3,6,5,}
[162]{,1,3,7,7,4,1,}
[163]{,1,3,5,5,4,1,}
[164]{,3,1,4,4,6,3,1,7,4,}
[165]{,3,1,4,4,6,3,4,1,3,3,6,4,}
[166]{,1,3,7,7,4,1,1,7,4,}
[167]{,1,4,3,}
[168]{,3,1,5,5,6,3,}
[169]{,3,1,5,5,6,3,3,6,5,}
[170]{,5,1,3,3,7,5,}
[171]{,1,5,3,}
[172]{,3,1,7,7,6,3,}
[173]{,1,6,3,}
[174]{,3,7,1,}
[175]{,}
[176]{,7,1,4,4,6,7,}
[177]{,5,1,4,4,6,5,}
[178]{,7,4,1,}
[179]{,5,4,1,}
[180]{,7,1,4,4,6,7,1,7,4,}
[181]{,1,6,4,}
[182]{,1,4,7,1,7,4,}
[183]{,}
[184]{,7,1,5,5,6,7,}
[185]{,1,6,5,}
[186]{,1,5,7,}
[187]{,}
[188]{,1,6,7,}
[189]{,}
[190]{,}
[191]{,}
[192]{,5,3,2,2,4,5,}
[193]{,5,3,2,2,4,5,3,6,5,}
[194]{,5,3,2,2,4,5,2,7,4,}
[195]{,5,3,2,2,4,5,4,2,3,3,5,4,}
[196]{,7,3,2,2,4,7,}
[197]{,6,3,2,2,4,6,}
[198]{,7,3,2,2,4,7,2,7,4,}
[199]{,3,2,4,}
[200]{,3,5,6,6,2,3,}
[201]{,3,5,6,6,2,3,3,6,5,}
[202]{,3,5,7,7,2,3,}
[203]{,3,2,5,}
[204]{,7,3,2,2,6,7,}
[205]{,3,2,6,}
[206]{,3,7,2,}
[207]{,}
[208]{,7,2,4,4,5,7,}
[209]{,6,2,4,4,5,6,}
[210]{,7,2,4,4,5,7,2,7,4,}
[211]{,2,4,5,}
[212]{,2,4,7,}
[213]{,4,6,2,}
[214]{,2,4,7,2,7,4,}
[215]{,}
[216]{,7,2,6,6,5,7,}
[217]{,2,6,5,}
[218]{,2,5,7,}
[219]{,}
[220]{,2,6,7,}
[221]{,}
[222]{,}
[223]{,}
[224]{,5,3,6,6,4,5,}
[225]{,5,3,6,6,4,5,3,6,5,}
[226]{,5,3,7,7,4,5,}
[227]{,3,4,5,}
[228]{,7,3,6,6,4,7,}
[229]{,3,6,4,}
[230]{,3,7,4,}
[231]{,}
[232]{,3,6,5,}
[233]{,3,6,5,3,6,5,}
[234]{,3,7,5,}
[235]{,}
[236]{,3,7,6,}
[237]{,}
[238]{,}
[239]{,}
[240]{,7,6,4,4,5,7,}
[241]{,6,4,5,}
[242]{,4,5,7,}
[243]{,}
[244]{,6,4,7,}
[245]{,}
[246]{,}
[247]{,}
[248]{,6,5,7,}
[249]{,}
[250]{,}
[251]{,}
[252]{,}
[253]{,}
[254]{,}
[255]{,}

